/Library/Java/JavaVirtualMachines/jdk-11.0.1.jdk/Contents/Home/bin/java "-javaagent:/Applications/IntelliJ IDEA CE.app/Contents/lib/idea_rt.jar=52854:/Applications/IntelliJ IDEA CE.app/Contents/bin" -Dfile.encoding=UTF-8 -classpath /Users/haominyuan/Desktop/java/algorithm/out/production/algorithm connectivity.Test
[0, 147]
[0, 873]
[2, 381]
[4, 842]
[5, 613]
[5, 830]
[7, 499]
[10, 634]
[10, 854]
[11, 263]
[11, 413]
[11, 922]
[12, 329]
[13, 453]
[15, 760]
[16, 858]
[17, 438]
[20, 322]
[20, 593]
[25, 537]
[26, 396]
[28, 380]
[32, 429]
[34, 456]
[35, 226]
[37, 462]
[38, 671]
[39, 926]
[41, 167]
[43, 961]
[44, 128]
[45, 499]
[47, 703]
[49, 995]
[51, 98]
[51, 150]
[51, 550]
[51, 982]
[52, 491]
[52, 651]
[53, 138]
[55, 241]
[55, 298]
[57, 653]
[58, 403]
[58, 720]
[59, 253]
[59, 911]
[60, 128]
[61, 291]
[65, 546]
[65, 814]
[67, 135]
[69, 358]
[69, 554]
[71, 328]
[71, 351]
[71, 394]
[71, 840]
[72, 699]
[73, 917]
[75, 706]
[76, 99]
[77, 79]
[77, 300]
[78, 376]
[80, 748]
[81, 696]
[85, 260]
[85, 307]
[86, 254]
[87, 141]
[89, 222]
[91, 363]
[96, 532]
[97, 813]
[100, 307]
[102, 685]
[103, 877]
[105, 333]
[105, 617]
[105, 744]
[108, 744]
[109, 383]
[110, 403]
[111, 399]
[112, 325]
[112, 664]
[116, 675]
[116, 836]
[117, 212]
[118, 923]
[120, 750]
[124, 209]
[125, 183]
[126, 304]
[127, 536]
[128, 894]
[130, 942]
[133, 682]
[133, 701]
[134, 795]
[135, 871]
[139, 846]
[141, 534]
[142, 206]
[142, 961]
[143, 239]
[143, 777]
[146, 549]
[146, 771]
[147, 766]
[150, 979]
[153, 612]
[154, 161]
[155, 761]
[156, 422]
[158, 528]
[161, 766]
[162, 938]
[164, 174]
[165, 242]
[165, 742]
[166, 739]
[167, 741]
[170, 405]
[170, 718]
[172, 517]
[173, 852]
[177, 554]
[177, 619]
[178, 242]
[180, 740]
[181, 895]
[182, 720]
[184, 912]
[185, 611]
[186, 305]
[186, 945]
[188, 272]
[188, 406]
[189, 346]
[191, 677]
[192, 803]
[195, 215]
[197, 352]
[202, 393]
[202, 876]
[203, 412]
[204, 557]
[204, 592]
[206, 969]
[208, 431]
[209, 575]
[210, 819]
[211, 518]
[212, 580]
[214, 334]
[217, 904]
[219, 730]
[220, 529]
[222, 366]
[223, 408]
[226, 602]
[228, 741]
[229, 720]
[230, 470]
[231, 673]
[233, 507]
[236, 548]
[237, 542]
[238, 267]
[238, 479]
[240, 839]
[244, 657]
[244, 723]
[245, 674]
[246, 600]
[246, 818]
[249, 604]
[250, 939]
[257, 317]
[258, 348]
[259, 968]
[259, 975]
[260, 629]
[260, 978]
[263, 524]
[263, 985]
[265, 955]
[266, 669]
[270, 604]
[271, 599]
[273, 703]
[275, 288]
[277, 377]
[277, 930]
[279, 444]
[279, 541]
[283, 772]
[286, 554]
[288, 888]
[290, 517]
[291, 341]
[292, 417]
[292, 661]
[296, 912]
[297, 619]
[297, 857]
[299, 585]
[300, 695]
[306, 423]
[306, 936]
[308, 494]
[310, 976]
[312, 361]
[318, 463]
[320, 742]
[326, 845]
[327, 461]
[327, 493]
[329, 415]
[329, 455]
[329, 931]
[330, 374]
[330, 594]
[331, 609]
[331, 746]
[335, 405]
[336, 500]
[337, 747]
[341, 731]
[341, 801]
[342, 491]
[343, 352]
[344, 640]
[344, 875]
[347, 373]
[348, 721]
[351, 593]
[352, 559]
[358, 981]
[360, 397]
[362, 459]
[363, 959]
[364, 399]
[367, 387]
[370, 446]
[371, 782]
[372, 888]
[375, 952]
[378, 638]
[378, 676]
[386, 443]
[387, 573]
[388, 940]
[389, 665]
[392, 616]
[393, 763]
[394, 513]
[398, 767]
[398, 824]
[399, 778]
[400, 986]
[402, 489]
[404, 687]
[406, 522]
[409, 793]
[412, 449]
[412, 539]
[418, 855]
[425, 896]
[426, 500]
[430, 609]
[430, 690]
[432, 459]
[438, 806]
[439, 791]
[439, 953]
[442, 721]
[443, 804]
[444, 614]
[445, 799]
[445, 832]
[448, 507]
[450, 587]
[451, 563]
[452, 729]
[453, 932]
[454, 635]
[455, 498]
[456, 821]
[459, 622]
[459, 887]
[463, 622]
[464, 530]
[464, 937]
[465, 589]
[466, 995]
[477, 487]
[480, 583]
[481, 994]
[482, 501]
[485, 658]
[491, 617]
[491, 632]
[492, 846]
[493, 505]
[494, 862]
[498, 976]
[506, 627]
[507, 613]
[518, 630]
[518, 652]
[524, 980]
[531, 611]
[540, 867]
[546, 603]
[551, 715]
[555, 562]
[555, 708]
[557, 657]
[563, 910]
[564, 705]
[569, 741]
[570, 777]
[570, 779]
[572, 874]
[577, 839]
[577, 870]
[580, 676]
[581, 991]
[582, 677]
[582, 932]
[583, 781]
[584, 587]
[588, 755]
[589, 679]
[590, 850]
[591, 638]
[599, 601]
[605, 672]
[610, 763]
[611, 853]
[614, 904]
[623, 979]
[625, 915]
[633, 813]
[634, 715]
[641, 697]
[646, 795]
[654, 687]
[663, 815]
[666, 930]
[671, 737]
[673, 769]
[678, 806]
[679, 738]
[682, 808]
[690, 765]
[691, 752]
[691, 906]
[696, 729]
[696, 787]
[698, 991]
[699, 905]
[706, 962]
[709, 802]
[709, 863]
[714, 834]
[722, 876]
[730, 951]
[733, 948]
[743, 919]
[746, 805]
[752, 898]
[759, 840]
[785, 879]
[793, 862]
[799, 866]
[802, 885]
[805, 809]
[811, 918]
[811, 965]
[821, 858]
[821, 886]
[824, 855]
[838, 973]
[848, 975]
[851, 935]
[864, 911]
[871, 899]
[908, 959]
[921, 994]
[952, 996]
[967, 978]

Process finished with exit code 0
